2826241
532482
2801667
966660
3588101
2736133
2924551
139274
1597452
3571724
3579917
2785299
1818644
3276824
2588696
2834458
1744920
1105945
393245
540702
3244057
2834462
3063841
2834466
2457635
98340
1277989
3375142
2048039
2023464
253993
1957931
2908204
2465837
2834478
188461
344108
1531953
1130547
2758221
3711028
1531960
1949753
131130
319547
3751996
2072643
1753156
3612741
1220681
1433675
147531
2482254
2498639
2130008
1843289
2588768
393314
3448935
434280
2154602
2490476
2285676
3407981
1720433
1387269
114805
3588213
3407998
1540225
2048131
778376
2785417
2932876
139409
98451
2588824
32921
1499290
2211995
3235993
3334305
2482338
950435
2490531
303268
221350
2490534
196775
114858
32939
934061
2572463
336047
3334321
3694769
1237168
2506933
1515701
172213
196791
2916538
2842810
360635
90298
2818239
3014847
2048195
3014857
1302730
3014863
778452
2154709
2031830
2867415
2613464
876761
2769113
2867423
2867426
647395
3408103
311528
1728746
3203306
270575
2121968
393462
1728759
311548
1679612
2777347
1278213
1253640
311562
1458444
1089805
303375
352530
2875667
2670868
2056466
1278227
1720599
2056477
1040671
3555618
221475
2498852
2056485
1720614
3563812
770341
2228521
213293
3359021
3490095
3252528
2728241
745775
155955
639288
1720633
2105658
155962
1139004
2048316
155969
2318658
3572036
1040709
2048326
1458503
3064136
3555658
2883915
336206
196944
2048337
2539858
2474323
2883923
2974044
565597
680287
360803
450916
3744101
295268
1696105
319850
123242
3588460
278893
2081132
2621805
246128
3203443
3309941
123253
3080567
3318139
901502
2474367
2474368
2474369
2474370
3080579
2359687
172426
115084
3596686
2048399
172436
3318166
2105751
3391894
2466203
3334555
229790
2048418
2924965
434597
131496
1327529
2621866
3449263
1434032
2139573
1270205
3776958
246211
1475016
2204110
254417
115162
164315
2105824
1343969
639458
3498467
3498472
1040874
3416555
1090028
3228141
3449326
3449329
123379
2376180
950777
3564026
3514879
2793986
3531269
2843143
3342856
3416587
2875918
950798
1270288
1925651
3744276
49685
2834965
2343445
1139226
3752475
1950236
3375644
2843165
1212959
2621987
270884
2908710
3596839
1810984
1417769
2114090
3482155
2122284
983590
639534
25135
164399
180784
786994
123445
1786421
2122297
1311291
139837
156225
2933314
229959
2040395
2826827
393805
967246
148048
3498577
205393
787028
90711
2843226
3342939
500318
2843231
1442401
2826852
2884196
1122919
1393255
1778281
1000045
516720
2925172
1303162
2818682
156284
57980
1057407
2327170
156290
950915
926339
2056835
3383944
2146954
3580555
615053
2056849
58003
2482836
2056855
3228311
2523804
2728605
1680033
819875
2482852
1016487
459431
2491052
262829
451245
1475247
688820
197301
3531448
3596987
459455
3785407
1770178
623300
3596998
2458315
2343629
2138831
1737423
2138833
1704658
3433171
2589397
2884311
1581786
25306
2499291
2138846
352991
3416798
115427
2138853
1065702
3080935
459496
2138863
2040560
3048178
2302707
3588857
2482937
3195646
2138883
1475331
1360645
2999044
148228
148230
213771
713486
148244
2720536
3785497
631589
3744549
3531559
2138921
713514
1835819
1319727
1303344
1729329
3580721
921737
262965
2138934
3113782
82744
2057017
295740
830
2351934
1049415
230216
2483017
2392906
435019
320330
2515787
2089808
975702
2736983
435032
164697
2384732
2663268
3359589
1098597
1065828
140136
2122600
975718
131948
131951
2728816
131954
131955
582515
672629
3154806
959351
2048885
1672066
656259
533378
2139016
131980
1500049
2425745
2139027
1655698
3343253
131996
3384222
3072930
1180579
508839
967592
279464
2515882
983976
1262509
902063
3621808
2450352
2450354
1598385
2450353
959413
2507702
50098
2466744
1795001
2343864
1090491
3621820
869307
222144
99266
1721286
222152
1500105
3736521
2499535
222159
3703759
2507740
328669
2499549
3269599
156643
156645
1524710
115687
1901543
3343337
3343339
1098731
2212846
2720750
1803247
41966
1467384
2507770
3621883
1451005
2892803
3507207
435213
140304
2745361
2499601
1754128
140308
3114003
1483798
140310
3376152
2507799
2524195
140324
2516005
549929
3564585
99369
3236908
1418286
2745391
2057264
115761
205872
3187765
418876
2483261
1729598
2057280
1786947
1008709
2024521
3703882
844875
2024524
2057294
959567
2958414
2278482
115795
2057300
1541207
844888
1492057
3572826
1885274
2868317
2491485
2057310
525408
230497
787555
1614955
3384431
3441778
197748
2884727
205944
1074297
156794
2778235
2483322
1213563
50303
1475714
83077
2212998
2532488
1746059
2180236
238733
2221198
2483343
50319
1180814
3712144
2360461
3269781
3605654
713879
2835608
1688730
3753115
2770080
17571
1991848
2704553
2770090
66731
2516140
2917547
42159
484528
328883
3622069
304310
1180857
1172666
2852032
607425
1557698
2507971
304322
3589318
1180871
705736
492746
3097805
2893008
156881
3056853
2499799
2270426
3630300
3032286
2278625
1909986
1180898
3359972
3097829
1180902
705765
967912
681195
3097835
3122413
1033454
345326
2278641
3548402
820468
2934005
2508021
550135
2278648
402686
2426113
2483459
115971
3245319
25867
607501
25873
550162
2483475
124180
1000724
2442517
787735
2368789
1180956
2983197
1426718
1852702
3745056
1705251
1565988
3630374
492839
2770215
1033513
935211
2123052
1819950
927023
124208
1197365
2704694
1393975
1033528
2278714
124219
787772
3417408
2385220
3245384
697673
2458955
222540
1393997
1230156
468303
787789
132432
132435
582998
2229590
3294552
968026
2385242
1049951
3704161
959844
1017190
2172263
157032
3704168
656750
2458991
1418608
787826
1394038
492921
2098555
3769725
296317
1344895
2098557
2385282
2147715
1541508
1049997
2745742
2385295
2819469
1893776
1484180
1672596
2852244
1058201
2426267
1394076
1861022
2852254
2229665
2516386
1271202
3605927
1090984
845223
779691
345516
1222062
1090991
3589550
1090993
1582512
107956
3499445
1107381
3384758
1394104
17848
1050041
107963
525755
3458493
1246654
1877438
1107394
2475458
910789
1091015
148936
42440
148938
1869256
2155975
1656271
1074644
2278869
3696089
3581404
1394144
2631139
2860516
2860517
2958830
148975
2958833
124402
2958835
42485
67064
3720697
943609
181761
591363
181765
2483717
91656
337418
1435147
337420
91660
1656336
1050130
337431
1123866
3147291
1287709
2262557
2467360
1082913
1033762
2483750
2836006
1050152
607787
222766
271921
3737140
468535
1418807
2819644
2770492
2131518
67136
2688576
2770496
951875
1295940
1295941
67141
2131524
1328709
1304134
2868803
2770507
1975884
1156676
468553
468554
1476172
2541129
2049618
534098
2082391
779865
1238618
83550
2131554
3270245
3671659
1812076
2131565
1836653
599663
1820272
2131563
3565171
2786932
1992309
640630
1074807
1418869
2131574
1205877
214651
2131579
2131577
2049662
2836096
2131587
1271433
3024522
3024523
2926220
2508426
1205902
116366
2786957
1599121
2434706
1009297
2844299
2844309
312982
304791
2295439
3049116
2131617
1861283
911012
820905
2475689
1689259
1820332
280240
3491504
1148596
2442936
124601
2131643
583355
2839965
2885311
2541249
2533058
1672899
2320070
493256
960201
2229962
42703
1279695
3409615
280276
2418389
3245784
1091290
2885339
2934492
222943
124641
2385638
157415
2426601
2885358
1296110
239345
2868977
2868979
3409651
2311925
1566455
2385658
2057979
2705149
2057985
239361
108298
902924
157453
501516
1181457
2975505
2803475
1410835
83730
1107729
821010
821014
362258
2483997
3049245
2803486
1050399
2500384
116514
2893606
132905
2484010
2443053
59182
132912
1533746
2852659
1402676
2058036
960310
132918
1435446
345916
681789
2459452
132929
2680642
2410305
132933
2320198
2459462
100165
2934599
1541967
2508624
67409
2492240
870223
2803540
952150
3753816
2115417
2492250
3123039
1894241
2688866
1206115
2942817
26472
1599339
558956
427884
1681262
419695
952181
1296246
42870
2975611
2770813
952190
42879
903041
2803585
1304452
1460102
2795402
190352
2811794
3516308
3196822
1836951
2566044
968604
2459550
264094
2983841
1148834
3516322
2148260
239522
3483559
2811819
42923
305069
2492337
1722294
755644
42941
42942
42943
1705920
2107324
673734
2639815
3295175
2238409
231366
870347
3344331
3000269
3450831
3590095
477135
845777
2885587
1705940
2738134
1828822
133081
3196891
133083
3262429
1476577
133090
2107366
3516391
2246633
3516394
509931
1722348
133104
2246641
935924
1427445
1746934
149496
247801
1402873
935931
2361340
378876
116732
944120
3778560
2885636
3139589
870406
3459085
2754574
116749
1746960
223249
788504
337945
190488
1075231
2484261
436268
1460269
2279474
3295285
1992758
1632313
2869305
2934844
2484292
1460294
1067078
3590219
116811
2492493
92235
3090511
3754064
2525265
845906
116819
976980
174165
2861148
2721890
2779237
116839
3254376
2738280
1108073
895089
1468536
919674
92284
141439
1403007
387201
133252
133255
690312
2590857
3688585
477325
1058957
1132687
1992848
1771667
2418836
1976468
157851
100509
1878175
157857
370850
1337506
51361
51365
845987
1132706
2844842
1411244
2771118
3213489
362675
1779896
207033
3213498
1886395
2058428
2107582
3311806
67775
3410113
2058435
280779
1607884
149709
1992909
2115790
2582739
903380
2730197
2140373
2779353
600281
2926811
2050267
215261
2271454
3139806
977120
2885857
2779359
133347
133353
2328809
2386154
428268
1845484
3623154
1427698
84212
3295477
1804530
2386163
3516666
3565823
1968384
1124609
2492676
3352836
3459335
2517259
616717
780558
2689296
2910482
3565843
2050324
911637
2623773
231710
141599
2386208
3688738
2484514
2517284
3483941
133416
141614
2738481
2386226
3524914
1288500
2107702
133431
133432
3746104
1460538
3647798
1460540
1689917
133436
133439
1689920
2754880
133447
133448
43337
2918733
2107725
174418
2386264
797018
2074970
2566499
2386276
1534323
1624437
100726
108921
887162
2066811
313724
1583483
788864
2132353
3770754
567683
534918
2926983
2484623
2083216
3189136
2976143
2132370
3090837
92566
2132373
1821080
108955
1821085
2484637
108959
240032
1755551
723359
3508643
108963
149923
2132388
108968
2484649
2820522
108975
641456
2107826
1821111
3475896
3557821
1018303
108993
1296833
3623364
3205573
2107844
3525063
158150
3623366
1419722
3615173
2943437
68046
2107860
3082711
264663
264672
3516896
2697700
3082725
133606
993766
772584
772585
1878500
887270
174572
313836
133611
3082735
133609
133617
133619
2517493
59893
133621
59896
1083897
1354234
862710
3082748
2107900
1853942
1083904
3082753
395778
3377668
2509318
1083913
2107913
3467792
2230801
1919505
3271186
18969
1722907
1198622
1698335
952864
2705954
2058786
281124
338467
1493542
1935910
1354279
150052
3680810
1444393
649769
3189293
158254
3222062
109103
412215
559673
2452032
1337925
2058825
2845258
2845259
1493580
395853
84558
3197519
2157136
3418705
2370130
2058831
2050645
2058841
1362522
1657433
2058846
1690207
3410528
2050657
3705439
3369574
3394150
879208
2706028
1190515
1305204
2919028
1190517
141943
1179366
3148409
993913
2706043
133756
551549
1878653
649852
117368
3787387
2763394
141956
723589
2943625
1387145
3287691
1878668
2566798
1878671
2943632
256657
2378382
2607763
174740
2493077
2501267
232086
3091093
2943633
2058906
3402390
879260
3435165
3443358
1624735
117406
1239710
682662
3115686
2058920
2624172
3533485
3558060
723632
1321649
2992818
2321079
3386044
1157821
3427004
363199
1813184
68289
2484930
2845380
3123909
1813191
314057
2501322
1469129
2050763
3443404
3214028
3623631
109266
2566866
3623637
2829015
109272
1870554
1665755
1723104
2050785
314082
2386659
2181859
3623654
2566888
748265
2386666
420637
2050797
1903342
2894578
3558135
3222263
2943739
1993469
3238655
2722560
322304
2468608
2050819
1542917
3083014
936711
232200
1755913
1755914
2517770
314124
150284
2386696
273168
1084177
3107605
2804502
3222295
2485017
2804506
1051417
1477403
2050845
1190686
3377951
1993503
2886433
3099426
2755362
912159
1624863
3083046
2386727
1420071
281385
346922
43819
985896
2050863
2526004
2050869
1887030
2730806
330551
2485049
2050874
928569
863036
60221
84797
2386750
84800
117566
60226
2083650
330564
2386758
1928007
2198344
2050889
1944395
2255694
936783
1420112
2501458
2050901
2255701
2706263
936789
1305433
1190746
3345244
3730269
1944412
3410783
346976
2050913
961373
3787613
961380
2321253
2927461
109416
2255720
117608
109419
1420138
2050924
2149228
584559
109417
60274
2435955
52082
2911093
60277
3050359
2321270
3361655
2255737
2386811
2993020
2755453
2321278
1690492
1125248
2993025
453502
289667
2050948
2255748
158591
3246983
289671
2952074
125835
2386826
3722128
2386832
3279760
2517907
2386835
117651
207766
109465
1764250
2755483
109468
109467
117662
1887134
109472
109476
3271589
2886564
986020
2886568
1141673
1428388
60333
1903535
19375
1608625
60335
1117106
3206068
2485174
1887159
3574712
3517369
109499
35771
2100158
674750
920515
2132932
494533
2321350
2501577
2608073
2132939
2100172
1608654
3460047
1674191
2722769
2100178
748503
2132952
1862618
2526170
2173918
2763744
2788321
1674210
3116004
2100200
2485225
2878443
2845681
2485233
1649654
920566
199672
3206139
3083261
2944001
142338
920579
1182723
371714
2386951
3402760
3099656
3402763
2821134
2370576
3632146
3132438
707607
3402777
1625115
1117214
1641503
2927648
371744
281634
2698276
2780197
11315
3296308
11318
2780217
3042363
592956
3238973
2133052
2477118
2133057
1944642
691268
945222
3042374
11337
11339
11340
11341
2026574
11344
699479
2460761
11354
11356
11360
1346657
2640995
2886760
920681
2886766
298098
298101
85113
298107
298109
1174654
380029
3200
2378883
1191046
109705
142474
478354
2378899
134294
1051799
3222
3226
1969310
3304609
2321571
879781
2485416
2485417
3214506
2485420
3738796
257198
2485422
806064
1043628
1821874
265397
519351
265400
199864
2337976
2682043
158914
3706053
806087
85194
937163
3747020
1445069
93390
3394766
85200
3091667
1330388
3091669
3009750
183520
2698465
2485472
1928420
249065
3309
2837741
937200
2764017
2485490
1469680
3239158
691446
1158390
2133241
2837754
2379001
1477883
1051897
2501889
3394821
2755846
1002758
2501897
978185
3239179
1445133
3239181
191757
19729
290067
3239187
2387222
2084119
167192
2501912
2133274
257306
2755866
2387226
421148
707869
1101088
707872
2084122
1903900
1953060
707880
2501929
380202
2575658
2207018
3722537
1068333
445743
199983
2485553
68914
3493172
85302
2084150
77111
3517753
2886968
290107
896316
3714365
3648830
1494334
1789248
2649409
912702
3657027
2698564
3247430
2485574
3091784
2944330
167243
1453388
2567501
1051978
1011023
2575696
2747731
1756500
3558742
1314135
2485593
1953113
1289563
3042652
3558748
650592
1617249
1494376
617833
150891
93548
453995
2772334
44400
1461616
3493235
3624312
1428857
224634
167291
2927997
978302
167295
1650050
1478019
2928004
2534789
576903
994697
2764170
175499
224652
142731
19854
2477452
1338768
2755985
576914
1740181
175510
2887065
52634
2551195
2477469
2887072
2059681
585122
1322403
1428899
2887076
1494436
3288483
200105
2928041
2047372
1559980
142765
347561
1387951
3198384
3198379
2960818
978355
3599796
1863087
2051511
2878904
503226
1183165
3730878
2772414
945602
691652
126407
2231751
2887114
126411
2051534
85455
380368
2002384
1912270
2485715
912852
3427797
912854
2821589
1052116
2944471
2575834
2944475
978388
1797598
2108895
3509528
1060323
912868
773607
912873
1584617
298477
126446
3599854
159216
912880
1240562
2059762
2051570
3206645
1986034
1027584
372224
1453571
2543107
953862
52746
486927
2526735
142866
2960916
2944533
1502744
2960920
1404442
1822235
3558939
3485213
2502173
1453592
2944544
1527330
413219
1117731
364069
2035237
93735
388647
126505
2772522
2944551
1363491
2944558
2035247
1093168
134705
2035248
462387
2059825
2051637
1961525
1429046
2059833
2551353
601662
388672
2526785
1019457
1871425
511554
634441
2952779
388684
2952781
3591755
388689
265810
36435
3668
265812
2059862
3669
716374
798297
2059859
388699
3671
2797150
2788960
1289825
3542629
20069
388710
683624
224873
2059882
2420331
3346025
290410
3583592
1953394
1330803
142963
1035894
2379383
765558
2256505
315002
110203
639000
1953405
2559612
20090
2483778
339585
241282
20099
2379394
639002
1953414
110211
2379400
1502857
380555
3190411
1609359
1953423
2379408
814739
1642133
1003160
3673754
2936476
3378848
2035361
1093283
954019
1035942
626343
626344
1470125
2436782
3583662
1093293
3559091
765620
2485939
536245
2469557
93879
2567860
470715
282302
134846
2977474
3731139
3444419
1035975
1322697
134859
2944716
3116752
2977491
20180
1429203
159443
2100952
2412248
2518746
2412250
2946212
3026653
1076960
1158881
1150690
3190498
585448
3460841
388841
2223851
2567916
1314541
2567918
2952943
2256616
2701984
2797305
3378941
44801
126723
1773316
3075845
626438
3567367
241416
765705
3567365
44808
1019660
3632911
364303
995090
2240277
3034903
1044249
1019676
2133789
864038
2051879
1830694
3714857
552746
1150763
2813739
3387181
847658
888619
3247920
1019700
298805
405302
888630
405304
2297657
626492
1543998
249668
749381
2502469
216903
53064
1789770
3239756
53069
2043726
159566
1666896
2903885
675667
1421140
2740053
2756435
405333
2453338
1929052
3428190
692067
200547
2043751
1765224
2609004
2477933
2912110
2477934
2781039
1978227
741236
683892
2740091
1494907
110461
774014
3428222
2805632
110465
85887
700292
3092358
290695
511880
1494920
184200
331654
601994
110475
2051982
2781071
2437008
2781074
69523
1978260
2035605
855958
798610
1142679
3395481
2510739
20379
2903966
3354527
2903967
2764702
3288996
1609637
110502
3772327
110504
1191849
2035625
110507
995242
905135
905136
2232241
110514
2543538
1814452
3248047
2445231
1413043
2944954
2387898
389056
2117576
2068427
167884
946124
2117582
1060813
1740752
20436
2396117
20440
282585
2035677
2781152
2895840
2052069
1691622
2920423
2035690
806890
1429486
225262
86002
2764787
372724
3526645
1290230
3436534
2052089
102393
3698683
258043
2002939
2568190
1019902
1617919
2576382
3289081
1052675
1019905
2379782
3485706
897035
471052
1077261
3436556
3436559
897038
3436561
3436564
2469910
3665942
20502
315417
200728
2576411
2117661
3387422
2674719
192542
3633185
405535
405539
389153
1413158
3149862
2568232
405545
2117675
159789
405550
94253
69680
2117681
2986034
20531
1765426
20533
2715700
20532
135225
307262
3534913
2216003
159813
921673
1437776
692305
282706
1192020
3543124
2846806
954455
1445975
3567706
20572
282717
1888351
995424
2814050
2306147
20582
1937511
1953898
45166
45167
94320
2175087
503922
45171
45172
659573
897142
2109559
675963
36988
626813
921726
315519
2101376
118913
2134146
2887811
127108
2502788
241798
626824
987273
2592904
348299
2838666
315533
184462
872589
184464
987281
1945744
921747
512148
2928789
290971
3788957
217246
20639
602272
299169
2592930
741539
749732
921765
2175141
225441
979112
151721
315562
2478251
1151148
110769
1151159
2887863
2527417
3002551
3027134
2863295
3608767
307392
151746
3748031
3068100
2265284
2330820
487623
3608779
733389
1421518
135373
2461905
45270
1396951
45272
1880280
2887897
1421531
45275
3297501
1421533
2658522
3633377
168162
1454309
2519270
3617000
110828
3780844
2543857
594165
2035958
1675509
2445559
1421562
774394
1192188
3191039
3191040
954625
61695
1126656
2994440
2920716
954640
3526933
1421591
913689
1954074
2666781
2543902
3002655
2863390
1397026
790819
2863396
61733
1397029
1495340
954671
110899
3305779
1495349
3371318
1093944
1216825
2052409
1872187
3346748
2036030
1659202
94535
307531
2658637
2830670
20813
2052432
2052437
20821
1929560
2142553
2052442
594266
1495390
3379555
1323364
2036069
53606
2109798
749928
217449
2478441
2879843
2847085
921967
930161
127346
2806131
1421683
2036085
2593142
1012087
381298
2036083
848250
2126200
2052469
37248
3060096
250242
2052483
2036097
2126215
225672
1085832
2126218
1020298
53644
2732431
1028496
1028502
381337
430490
2052508
3084700
2535839
1462688
1716641
733602
3666339
373156
2249126
774568
1200555
1003948
979375
1102258
397748
2863542
135606
2806200
1880515
3420611
668101
405962
225738
20940
2765261
176590
94669
848336
3740112
2822608
160209
176592
455126
2929110
160216
3142105
2126296
3412438
266716
1610204
2503134
3437024
3437026
1790434
1733092
2068965
3707365
12775
1815016
2863589
2707938
2863595
569836
1184238
1028593
1217010
1602037
3330551
1880574
446974
184832
3346947
127495
1872392
2036233
1257999
1643027
1479189
758296
119320
3559962
225822
168480
1462817
1438241
1593893
1421863
1053224
2052650
2511405
1659437
1847860
3740215
3699256
2110022
111176
111178
2929229
201296
225873
3723858
2388570
2757212
1823329
2388578
1749604
1069669
2388586
1012334
1438319
2388593
2413170
1159795
2421364
963187
1069686
3723895
143987
2888314
1847930
1528446
3109505
569986
3142274
1962628
2863755
332429
45710
2405006
2527888
1307281
1774228
1421973
1487510
692886
1340055
3740316
3469982
1749663
889505
1323682
750244
750246
1536681
3609261
2101934
3355311
2568882
2863798
3592889
406203
3420860
2921151
365247
406207
2888386
111300
897732
692934
234182
651978
3445451
3445453
250579
3609302
3289817
160475
2888411
1716957
1626846
1438431
2044636
2036449
2462431
111327
1479395
3207916
29421
3052271
3265267
2216693
1020662
758521
3404541
1192707
3429127
3265288
3740430
2724625
774930
1430293
2372374
2011927
3715865
480026
3314464
1700643
422692
3126053
291619
504616
2798377
3117866
283434
3502888
152365
2077485
2159407
1807154
666920
332596
2159413
611133
2159423
2003778
2560835
2446149
2036550
1487686
2831175
226123
2282315
586573
2831179
1389391
2159440
1528658
1872722
86868
291669
3634008
2069339
987996
562014
3715936
922469
2036582
2986855
2036584
1561449
3380074
2012011
2052973
2913137
1577843
1315701
2773879
62333
2110339
1872772
3576710
201607
586631
1078151
2888587
1610638
324494
2061200
3290005
1831829
86935
3273624
2438044
2061213
586656
2069410
258979
2913187
390051
86949
3404710
258984
78761
1258408
840614
906159
1282992
627632
3003315
627636
2700213
2847670
1143735
3199925
3142585
488374
2479035
652219
3396541
2454463
2487232
472000
938947
979908
848837
857031
3142600
259016
3003336
488394
1938379
3404745
193486
144336
2954193
54740
766932
259029
652245
1725399
144341
2847705
848861
472029
2282462
46048
2847714
1938404
119781
1700837
119784
660459
119787
619499
2642926
21489
971763
185332
357363
3396599
1332217
3437563
971776
119810
95235
1184771
2987013
1987591
373768
95242
693259
1184780
1045521
2946066
373777
2552852
840726
136215
816152
3093528
390172
3404830
2921505
1356835
3740711
2077735
2389034
955435
1659949
696278
250928
1283123
2831412
3200053
2389045
119859
1348664
1586233
2389050
2782267
2331708
3265596
554044
1176631
1700929
2389060
947268
1291334
2176071
2389062
2323528
3617868
980048
2389072
103505
2389075
3552339
87125
808023
218200
980058
1127516
1881181
1840221
46175
2389089
1922147
3781735
2389096
414827
2708588
2389101
2528366
2767391
3224689
332914
2069620
2077812
341110
644215
2282615
169081
2036857
2045046
13439
2831488
3142784
2389123
1217668
2036867
1815687
1963145
3593353
2512012
2389139
2036884
2856086
2389144
709785
3429528
1496220
496797
2389152
873632
2946208
644259
1004704
2479265
1217701
791717
2479272
1635494
693411
1250475
2471084
2921644
1643690
2938044
259263
2569408
144576
2069699
3577030
152775
3200200
3642571
1897675
193739
1406157
931022
1660116
2028757
2290902
3675351
3503321
3552473
3093723
906463
2553057
3396834
2036963
2716897
1586409
709867
152815
660719
529647
2053359
1635570
439540
3642611
2733302
87287
2790648
1799416
3732729
3233021
308485
578822
193798
128264
1062154
2815245
2381070
357647
2028814
2831633
1217810
128274
1864979
87314
259356
128286
3699999
308513
1463587
2135331
1864995
169254
128297
2864425
2037036
120109
120111
3454259
3077427
2389303
87353
2848060
2848061
906558
759103
308544
3306814
1398082
1684803
849219
1463617
824641
3118408
3208521
1807688
1234252
2372940
2135376
1504597
161114
3036511
2536803
2610532
3339619
587111
54632
202091
2078060
906605
152942
2078066
210292
1463669
1070453
2078072
2241919
1086851
2815366
914824
365964
365965
2798989
2766225
972180
3552661
2078100
1357207
3552663
406937
2373015
193948
406940
2864542
1086879
128415
406945
2078114
906659
447908
1340836
1111461
1537447
800168
914857
193958
906662
988581
406948
906670
988592
2102706
2889140
1013175
2823607
2954681
1971639
2037179
3593659
2725309
2061759
2078144
906689
259521
259524
2766279
259528
226760
2938314
2889160
193996
2061774
906703
824786
2061780
906709
619990
2471380
1562072
3372504
2061782
1652187
2078172
2061787
1652191
3511775
906721
2061793
1152483
2512356
939492
2078179
1758698
3306987
2078188
2078191
144879
2127347
2102771
2790899
341491
2389501
1193469
2569727
2921984
2299393
1611266
3732995
2356743
2110983
2569737
2299401
2414088
3577360
3773970
103955
210452
1414675
251412
1611287
1283608
3626515
1111575
3225116
3520030
251426
2897458
914997
1398330
2397755
2012730
3266107
2897467
2741823
3044927
210497
2848322
3143234
3528260
2922055
2897480
374344
2528840
2471500
3274317
2471502
210509
3348048
95820
2618962
3380819
2471501
1857107
1070674
2954839
2897495
2487895
2946650
3675739
202328
3307103
1930847
3470944
1054309
2233958
915048
1586796
2168429
2823792
1242738
3634802
497272
2815608
915065
1971836
1627773
2717308
603776
95873
2946691
2709126
2184841
2184842
2946700
1881742
497299
915092
1267350
3774103
112280
2299545
3643035
2299557
2070181
202408
3348137
112296
652971
3208879
1496752
2070192
3208881
2127538
3118771
3495605
2070198
2127540
3585724
2774720
2545345
2832065
2070210
120516
14020
3503811
3020487
3020488
2832068
472782
1038031
292560
292565
726742
1586903
2791128
2922201
1087194
2094809
2455260
267999
2938597
1185514
759532
194286
2496239
2840304
3110638
3208949
3553016
546554
759548
2930431
759551
661249
374530
489220
104197
366344
104201
3110668
104206
2733840
2529041
3200785
3389203
218903
2889497
3233562
743195
530203
2701084
218908
2455327
2815776
2586401
3028771
2955044
2373412
3503911
2553642
2594602
3135274
2078509
497455
1308469
980790
2832182
988984
317239
3036987
1185596
2553668
2857088
1079110
128840
2553673
55113
2062156
55117
2512716
3077966
3692367
2479959
2733914
628571
1726300
1668957
251742
104286
2832227
3774307
1529700
1079143
956264
2979687
694121
644967
3037031
604008
1202030
1841007
997225
2119528
3020661
2832245
333689
3078011
1578878
1292159
997249
2914178
3544967
2455435
3643277
2324367
2832275
309142
2848665
2455450
2078621
743334
3561385
2930602
2078635
1038255
997299
1873844
2865077
743350
3102647
2824123
137148
2103230
2594757
956358
3585992
1750985
1882056
153547
137163
153549
1095624
1914831
2914258
3078099
2930645
1578967
2717656
3569624
767960
2414555
1800155
2545628
1578969
120799
3291103
1603554
2570213
47081
2643951
2783217
3597964
3733492
2045943
694272
3717121
2578435
2398213
2414598
2930700
1423373
3381261
120847
2136080
2865169
2414610
260116
1587222
2750486
2619416
1423385
1079323
2480157
2922526
2062365
120862
2791453
325666
1218595
2922532
2701347
1513510
2275367
2209829
2209833
177076
3545133
473134
2209840
1136689
2619445
1079353
2742329
2922555
3086396
1062973
161854
3356735
2701375
1300540
96317
800837
2078790
161862
2562120
890950
2512967
2701389
2078799
260177
3741778
3299411
2078806
784472
120924
129117
1407070
3405919
2103393
2324580
1792101
661607
1857640
2209897
391279
1308788
301173
2078839
301176
301177
1079419
2349180
374908
743550
2603136
2832513
2799745
2578563
2291844
2660484
1898627
2521223
2717832
1415304
1415303
3053707
3094667
1046670
1751183
2701455
456848
915602
1079440
3700885
1669275
3684508
2816157
3324060
1185949
3545243
1464479
301218
96419
661668
1669276
1554599
1939624
2783400
1939625
2857131
227500
2873516
1398956
2783407
3193008
1554608
2455729
432307
915637
2029749
1857719
915642
121021
2029764
2816197
940234
2496714
2726908
3553490
2914514
432340
1628373
383190
915671
3053785
1489115
1349852
194782
841951
915681
63714
3586275
1628389
858342
784613
3709159
940265
3553518
2857203
3487990
137464
1579258
915706
137466
694526
2357503
915713
432386
915715
3610883
2799877
1251593
3127565
30990
3545358
2914573
1431827
22803
3094805
2160919
31000
2259225
3094810
31002
3537178
31005
31006
252194
915746
784676
1095972
2832677
219426
2832678
186665
1325356
2890031
3373361
481588
334135
2300219
2709821
2300222
2054463
2267459
2300228
96581
2300232
2136393
1497421
2890068
3553621
973142
2955611
88412
96604
2955615
457057
2488674
260458
3447147
260460
2079085
309613
2849135
1251697
2824562
3185015
88440
833913
2546045
891270
2709894
72070
465292
1726862
1268118
367000
2161050
293284
3037605
3430822
154023
3357096
3627437
3414445
686512
981425
162226
145844
2070966
1677752
2824633
2603453
293311
1137088
154049
3021250
1137089
162242
2087368
1251788
735693
2791886
3709393
3201490
2578897
3201494
1989079
3373528
3340761
3570136
2034967
424413
3258846
1915359
768479
1423838
1087970
3496419
3766756
1071588
1817063
2562539
113132
3570158
2021873
924147
1300981
186872
793087
1579521
1300996
195089
449043
2980373
145943
965144
2767385
2767386
2202137
145948
2767389
2767390
449055
2226720
2767388
2767392
2701859
3422756
1579557
2980388
719399
2783784
2243111
162344
916011
907821
2226736
1530419
612915
1751606
2292278
916023
694839
2865720
326203
113223
3275336
424520
2112071
2112076
2275917
629327
113232
2472529
3586642
1350229
1727064
2685529
113243
997981
3226215
113255
1243756
1030765
637550
612973
3586669
1038961
1096311
2783864
981632
2734740
563862
1628826
2783899
2030234
2038429
2693787
563872
1194656
64162
3521187
2923171
1571492
3701414
2030247
1858214
2063013
1252010
195243
2046630
2251437
129710
2783914
1489584
563889
2046642
2759349
3300025
154302
3726015
981696
2480832
2251459
2126194
3439304
2497226
522954
3349202
137939
3349204
3349205
2030293
137942
2153172
2497241
3209946
2251476
3209950
3562206
2202336
137957
203498
2513646
3439343
1784559
170735
1506037
703221
1121018
719611
2906875
113405
703229
64253
2816768
1170178
2030340
2386722
3750662
3078918
113416
3627790
965395
2390809
621338
2480924
2505502
1940254
3201824
965413
2480935
2759463
3636010
3636011
801580
129843
809781
3734334
899904
1768257
260930
3750728
2030410
2300749
2833231
523101
1743713
2079587
1751908
179045
2251623
2898796
2939757
506737
2702202
1497980
2046845
2456446
2333570
3701635
195464
2259848
2792330
2259854
121744
2448274
899988
3439512
3439515
2726819
3586987
2988974
1498031
1498030
2137009
613298
121775
1874871
3513275
334779
2685885
1874878
2497469
1948608
39873
613312
900037
564165
744391
318409
39882
261067
334796
3464141
1629132
891850
1498061
1498065
162770
220119
1670104
2857946
2571231
3029984
2055136
2890721
3259362
637930
3316714
1170413
2440175
3333104
1678321
2309105
973811
310259
3480566
973815
3701754
3243003
3316732
72701
3357694
138235
2890752
48129
1833985
138241
15357
3415042
3210240
1317896
1022985
3349514
1031179
2161681
719891
728083
2161685
3316758
1309719
900120
343065
2645012
3267606
1104915
367648
670753
2161697
154659
2047010
3480616
2645034
2055212
3587116
121902
2890799
121905
2825266
2743346
752692
3415093
2874424
1391674
2907199
2767936
2825281
1121346
998465
2767942
367692
2292812
1080405
2797102
2964570
1596509
2235485
113763
2415716
3152996
3775591
1375335
3325033
1522798
760943
3415152
1645679
842863
1219700
2047095
978383
3570811
1956987
752763
998526
203905
72834
72833
1285252
2079878
2735239
2866310
703623
113800
203917
2079886
2481299
539796
1850517
2866327
3546266
982172
572573
957599
244896
924832
2579618
3259555
2702680
572576
1965222
2596012
31920
3079347
703670
441526
826552
457912
3194038
3194043
2890940
3226810
2596031
3112128
2079937
498880
3472580
2776261
2137285
3325128
3684507
3734735
1637586
1252563
1826009
1678555
1187035
2596061
3202270
1703136
1424610
2604261
146662
130280
2047209
1506536
2604265
2489581
2047214
2645229
2481392
842992
253170
826611
2596082
1424630
2678007
2309368
1391865
2047225
113911
2702588
351487
2686209
2292994
171267
3767556
417030
2047241
3767562
2071821
245005
2686223
2071823
2071827
949526
2071830
3308824
3595547
2587933
113950
1809693
2538784
2071839
2850089
105776
105777
2776372
3284281
884026
2047291
2481466
1940797
2471503
113985
113986
810311
1047882
2047307
785743
2964816
605519
1473875
3251540
2694486
1047895
3652952
1334617
2956634
1269081
679257
630109
1842526
1105247
2047324
3456353
2047331
3579236
3767655
2497896
2702698
1875308
2481518
998767
1940846
1252722
2702710
859511
2473336
1793400
2768250
2694522
2497914
2440573
875902
3399039
179583
1334657
851329
2047363
179580
1793415
2489736
3571081
2481545
3784075
2440588
3661196
2104718
2399631
2112906
3784081
2727314
1973649
1441172
2227598
2514318
572826
1736091
2227614
572834
220580
2489764
3046824
1072562
2383283
2801077
2440630
310710
2235832
2497978
2383292
1334717
138684
2760127
875970
3464643
2047429
97735
261580
1449421
261583
974288
2047440
1310165
163286
406946
810457
744922
581081
2571740
138717
2940377
2416090
3202530
892387
3276264
1416682
73196
269808
261618
933363
3448311
2268665
1146371
2383364
1433093
1007107
2047495
2784777
3431946
2563595
933388
2137617
2702866
3751443
2866708
2858514
3243543
1809944
2874903
876058
1719834
3587612
56860
204316
2268701
56864
2440737
220708
1236519
2268711
2874921
704042
892457
2457133
204333
2268717
3554863
3554869
310838
2457142
2268728
2932278
2801210
1031739
843327
2833984
2268737
286275
2825796
2268743
89673
876107
2924108
2375245
2268752
1203792
138836
1621590
876121
2858586
2825819
147036
3432026
1613402
56925
876128
876129
114274
56929
2825825
3432030
2825831
278121
679533
2825837
2825842
1154675
695925
1760891
1400443
114304
3595905
695938
1949313
73345
1121925
2383492
2915975
1400455
2039433
114321
130709
3628694
114327
2752150
3301016
1408666
958108
2760348
114338
1023650
65188
3325603
114349
556719
2596528
573112
2784955
1916603
114365
65215
2989760
1916613
2850504
1081033
1720012
155343
1687248
2825937
2416335
65236
1916631
1048280
3366616
122586
2862358
728796
1146589
1433309
122591
2211543
1687267
3727077
376550
1441510
2113256
1179369
2653930
622314
229100
1048301
3456749
204527
950000
524022
122614
1400568
1031927
1539834
909055
1457930
2850573
57103
851734
1122071
950040
1638167
1048346
2055964
1466141
3194654
581408
130848
2768675
1048357
147238
270119
3735336
393002
1490732
2260782
1015599
3669806
2400050
3727155
2490164
1867571
2727731
139070
2858816
122689
130882
2989892
3710789
2752325
3120967
130888
843589
1081162
933707
1081158
720717
2727753
1294159
2490187
2367313
1163089
2506573
851797
98133
1245014
1048412
65373
270179
2465636
2113381
3530598
1621864
2342763
1662827
3686251
229230
769901
270192
843633
2064243
2883444
2211701
3030903
2113400
1073016
2334588
1916798
2482047
2137984
3202944
966530
139139
3579781
1933193
769931
122765
851855
1318804
2588564
2547613
507806
851874
1359782
90022
2858921
57257
2588588
3293101
638894
2449327
720815
2858929
2858928
2785201
3497905
3293103
573358
614328
892858
245693
1482688
221120
3456963
2875331
3342277
106437
1540041
2523082
2047947
2531276
810956
2056143
491477
3203030
2506711
3571672
1228759
1032154
221141
2056152
155613
2801629
2351064
3694554
376801
2998239
3694564
2047973
1171431
2293737
1228781
1327086
2957295
3702765
368627
3325939
1171445
2146294
917493
1032185
1785850
2793467
2310140
1228797
