374530
3142784
743350
3359021
2455450
160216
2126215
3296308
2865720
2385638
1079323
2568882
1179366
2133789
362675
2815366
2251437
3517369
17848
1049997
222159
2435955
3196891
3404541
2890068
2824123
2720536
656259
2050901
127346
2268743
2801077
599663
2386226
2685885
2939757
31000
1831829
84800
315533
903041
371714
133621
117608
230497
239345
3063841
1500049
550135
2452032
31002
270119
2863295
152815
155969
1090991
87125
78761
1628373
3545358
2715700
298107
3609302
2051982
2886564
2061787
1687267
1610638
365247
3572826
3208949
64253
2926983
3090837
2928004
2497469
3194038
20639
144576
873632
2049662
19729
966660
83077
2897495
3226
31005
1700929
1887159
1330388
141943
3558939
567683
2977491
915713
149709
2035361
133353
1058957
222144
3369574
253993
2875331
2688866
1030765
1861022
1060813
114349
1022985
2702710
109472
114274
2159423
1809944
3589318
1323682
2259225
2047291
2138846
2512716
3068100
3585992
2536803
3147291
2058428
2552852
1961525
1861283
2488674
20582
979908
20069
3238655
2133052
2897480
950777
2793986
607425
1015599
2256505
3456353
25873
140310
2847670
900037
2415716
3222062
2839965
2256616
558956
1421591
3078011
3545243
587111
2330820
158914
1019905
3349204
221475
707869
3439343
138684
2879843
3099426
137942
3246983
346976
93735
2670868
1878668
534098
1239710
2766279
2863390
774930
2893008
2039433
2078188
2051637
3200
2268665
1681262
1492057
506737
261067
1152483
511554
3485213
406937
1007107
613298
1944412
2734740
1857640
105776
1434032
993766
46048
2071827
2140373
376801
2320198
2058435
1091290
253170
1206115
516720
2697700
1687248
120847
1038961
145948
2983841
55117
3546266
471052
159813
612973
709785
3325033
3735336
2943632
53064
3684507
1993503
2888314
3595547
3599796
2858816
2834478
3686251
1543998
110502
203498
897035
2052469
2107582
3083014
1935910
85113
99266
2783407
258979
20502
3668
3722128
2824562
3092358
1607884
2858928
787735
2975611
2930431
1494436
1033762
108993
3437026
778376
492746
1815687
72701
2207018
45172
1721286
1847930
2478251
406946
1222062
2112071
3245384
1700643
2868803
20440
3209950
124219
1053224
169254
1881181
128297
572834
250579
259016
2940377
1283608
3290005
2384732
1445133
1874878
309142
1476577
1722348
1438241
2857203
921673
3507207
114365
637550
1880280
2895840
2741823
45167
2728816
2202137
2768250
199983
644215
42485
532482
1684803
2050924
47081
956264
116749
30990
87353
3314464
2979687
1863087
2772414
2658637
2975505
113950
1027584
51361
1202030
915048
130882
2989892
3567706
194782
1720614
2057264
2466744
879781
2999044
405304
626813
195243
1101088
563862
3110668
3334555
821010
232200
1867571
1404442
225873
1880574
32939
110514
950040
32921
2058841
264094
109705
2136080
1773316
2811794
117368
2275367
2378883
3564585
2028814
122591
160209
62333
164697
453502
2139016
3222263
1522798
193958
2181859
1652187
584559
1445975
3294552
1314541
3288996
1428899
3552661
1031927
303375
19854
388647
3596987
3581404
132933
3565843
1722907
333689
2047973
3394766
1912270
3460841
1915359
405539
1689920
1668957
110769
238733
2543107
3316732
133611
1765224
2922055
3669
779865
1300996
2148260
200547
3577030
3752475
293311
3196822
2837741
1170413
3516394
127495
1807154
647395
2766225
1599339
94253
1813184
1768257
266716
2735239
1035975
3396834
3348048
2588696
975718
92284
2216693
2588768
282302
116819
2036085
3433171
626492
2516005
2847705
2866327
2229962
3596686
207766
3343337
221120
1971639
2249126
2385242
2770813
2885857
65373
301218
119859
3511775
1495349
2927461
20180
280779
3503811
2078060
1415303
2818239
1705251
1723104
3441778
54632
2920423
607501
2334588
585122
3558748
3247920
2323528
3701414
1047895
1853942
2078790
114321
1086851
1784559
3274317
29421
115687
3233021
3417408
3345244
95873
997981
3316714
2772334
3200053
2914258
2886968
2916538
3116752
2440588
2958833
2790899
1627773
282585
1460540
2440573
550162
3491504
2370576
691652
95235
215261
695938
713486
2791886
2487895
973142
1929052
1057407
2952074
3279760
2087368
2783864
2300228
3732729
1495390
2070198
2302707
405550
3187765
2884196
281385
124601
1033454
956358
2596012
973811
704042
3324060
1082913
2047947
1803247
2582739
3648830
3630300
1751606
844888
1938404
3094810
2890752
3544967
2050267
2050797
749732
2050874
3078918
1290230
380202
967246
133255
1613402
155613
113911
697673
2551353
3537178
2987013
116514
3404745
2037036
1093283
2131617
157415
2863396
2049618
3673754
2467360
3590219
1458503
1139004
3744549
1669276
126407
2740053
533378
1672899
1821111
3586987
3458493
1628826
20533
2717656
174418
1922147
2569408
120799
1643027
286275
3399039
3009750
954671
3238973
582998
675667
1624437
2385658
1862618
3014863
3143234
2526004
1878500
1069669
3745056
2052973
2892803
119810
857031
2241919
3142585
308513
2815245
1050041
2801629
3564026
339585
849219
367000
3376152
936789
240032
113405
179045
3202944
3751443
1402676
3118771
3736521
2490164
940265
3243003
1084177
17571
2903885
110211
1098597
692934
2824633
108968
3115686
607787
3661196
2998239
497299
1579521
2050819
197748
2804506
2596031
59182
83730
2485715
2701347
611133
971776
888630
183520
478354
870223
947268
3243543
2445231
57103
417030
205393
3109505
2499601
304310
259263
3621808
661607
2701984
428268
2386696
50098
2490187
87314
3480616
298109
1257999
94669
915637
1148834
2842810
1062154
484528
911637
126411
1490732
1677752
787772
1586796
2036963
3545133
2485939
3293101
2575834
142866
3080579
2837754
373777
1032185
226760
146662
927023
1158881
50319
3657027
174740
230216
749381
1387951
2988974
549929
2227614
225822
631589
1050152
2328809
68046
3333104
1121018
122614
3132438
3052271
222152
2826852
644967
446974
94320
405545
3037605
1426718
186872
11360
921737
2036030
1814452
2887114
920579
1121925
289671
140304
1159639
2138863
2857946
2134146
2738134
3414445
1729598
138717
926339
3075845
2834466
2694486
2875667
2863755
3410783
308544
142731
113132
998526
2485553
3467792
2342763
133432
3632146
145943
2071823
65236
2821589
1051799
2702680
2862358
1107394
3114003
848861
422692
2043726
2875918
2137285
265397
61733
2825842
915602
3072930
2788960
3472580
845906
3402777
373156
20099
98133
780558
912880
1012334
3228311
2864542
3470944
102393
2389501
2874903
2836006
2473336
3737140
525755
224652
67775
3394821
934061
3588857
137939
3339619
1296110
96317
2701859
3195646
133104
916011
129117
959567
3622069
3483559
3516391
3699999
674750
2609004
204333
2791453
3049245
343065
3295175
167243
2216003
2036069
3705439
1689917
2742329
2100178
3262429
3093528
656750
2868317
114327
110828
851329
1822235
3340761
259356
3469982
2299401
2860516
1665755
60221
3094667
906605
152775
2923171
3632911
129710
82744
133081
1423385
2757212
455126
2498852
2952779
137148
945602
2869305
110507
681789
1840221
2770215
112296
60274
26472
122689
2455327
459431
18969
3593353
707872
122765
3359589
2149228
2705954
703623
188461
2455435
132918
2887065
2843231
387201
117662
2903967
2944954
319547
3723895
487623
2069339
3610883
133439
1719834
3587116
315002
3437563
2709126
310838
3206139
1430293
2481518
2785299
120111
2268717
1111461
2983197
2572463
3516308
2846806
92235
88412
3050359
2783217
2799877
909055
332914
2410305
299169
3391894
1498030
152942
694526
2426267
2913137
3577360
109272
336047
2046845
1617919
1451005
225262
2886766
3056853
368627
1308788
2889140
512148
2682043
784472
1105247
3731139
2545628
2078635
2858514
806890
626344
1130547
2040560
261583
3357694
3508643
45275
131955
109266
2986855
1898627
1050130
627632
3459085
131130
42703
3387181
2083216
1489115
3306814
2917547
3548402
788504
494533
2596061
2455260
2885311
688820
3711028
25867
2914178
2926811
2887897
3734334
3415093
784676
845223
3552339
91656
3565171
104201
56864
3349205
2792330
1888351
3189136
95820
683624
2255720
2084122
2553668
2783784
397748
3386044
167291
554044
1897675
2083650
1431827
1513510
1746059
3259362
540702
2883444
2944716
3295477
3448311
3116004
2132370
1090993
987273
213771
848250
1744920
219426
3699256
2878904
3590095
147036
86935
405333
2698564
405962
334796
3409651
1048346
1040709
2826241
1217810
2944330
142474
2172263
906159
1670104
45272
2588588
132435
2607763
3325128
3148409
1325356
3202270
389153
89673
3080567
3233562
2708588
459455
35771
2157136
3416798
2482852
14020
133617
3200785
2030340
1656271
1104915
2047214
750246
3570811
139139
3744101
3502888
3409615
2890940
1799416
94535
388841
303268
661249
1387269
365964
128274
149923
3349202
842992
270192
144341
1621864
2728241
2778235
114805
915642
1828822
132905
1704658
2897467
3565823
220580
66731
2974044
3203306
3275336
3380819
2782267
1051897
1019700
100509
2624172
952190
2056835
149496
2318658
3628694
283434
1125248
820468
703670
3558060
600281
193996
3300025
497455
3608779
748503
174572
2898796
2814050
921747
3357096
477325
2231751
2993020
3078099
175510
2566798
229230
115795
1048357
3531559
2740091
1939624
161862
1489584
2704694
1533746
1874871
112280
1282992
3714857
2885587
2890799
2868977
2058831
2958830
2887072
2534789
312982
1086879
1184238
3346748
1770178
1878671
493256
488394
2883923
225441
1872392
2819644
2721890
111327
20379
203917
1495340
2309105
2852254
2813739
1541508
3557821
1973649
1473875
2732431
3021250
790819
649852
124208
45270
692067
2047440
67136
2952781
244896
3352836
3553490
1454309
2621987
246211
93548
2414555
2209897
1800155
3289817
2701375
1578969
3694554
2797102
20090
3042363
2798377
328669
1416682
2596082
2058846
1641503
57980
2934844
72070
1593893
270884
3086396
3554869
2479035
109467
110465
108955
113416
3652952
1019902
3189293
229790
3343339
1467384
2024521
128415
2702202
2082391
2521223
765620
2489581
1433309
1528658
20572
1192020
144336
1028502
2299393
819875
2914573
2035690
2944471
1205902
3533485
3710789
1470125
583355
3077966
3346025
3325939
3295285
2976143
156284
2865077
391279
2886433
2884727
2763394
1285252
110203
743334
2773879
3706053
2475689
965413
2588824
1095972
1778281
3702765
2915975
2047095
1992758
2579618
2553673
3633185
572826
2078172
227500
995424
110475
181761
96581
117566
965395
3586642
2986034
281634
111176
1833985
2911093
2058920
816152
298805
2588564
2459462
3299411
1107381
1220681
3531448
3712144
3439512
157453
682662
2834965
1048280
2569737
1126656
477135
2477469
60277
2057017
3688738
388672
2888386
2893606
3579781
2517907
1251697
2044636
2977474
265812
3239179
3117866
3389203
2460761
2154709
2132353
2160919
3583662
3224689
3203030
2078799
2386666
109419
1949313
3014857
576914
3259555
2070210
67064
2832245
2440630
2035958
2279474
59896
897142
940234
2480157
501516
371744
3596839
222766
2867426
143987
2051534
3024522
3464141
3113782
108921
3591755
1185949
3586275
289667
3265288
2571740
3384222
1270288
270575
3609261
93879
1048301
3741778
1068333
2980373
2785417
3378848
167884
130888
3723858
2783899
2906875
3207916
1062973
191757
652245
1322697
2551195
148048
2689296
3208521
31006
1250475
2922201
2295439
979112
2958835
2688576
445743
2760348
2836096
308485
2908204
3526933
3309941
3239756
1933193
193798
2964816
2858929
2805632
2543538
432307
1163089
1610204
346922
3239181
2056477
2268752
281124
84797
258984
661668
116366
2458991
1903535
523101
2454463
96604
1749604
1635570
1240562
141614
113255
3427004
3306987
380029
921726
2930700
993913
2747731
3509528
1940254
2130008
2993025
3722537
2246633
3342856
3499445
2539858
174165
2887076
2052508
1652191
1969310
3588460
2147715
2960818
2390809
2047209
148975
3395481
2107844
3684508
2243111
1872722
132432
2861148
158254
3208879
120862
1360645
3428190
1779896
1398082
2047241
3514879
298477
11356
563889
1453388
2733840
251426
124641
3707365
887270
1807688
3447147
1191046
2491485
468554
2045943
2036857
1887134
1929560
3428222
133619
2885358
2255694
3746104
640630
3701754
720717
906558
2946066
2832068
660459
156225
138836
170735
2890721
337431
278121
20813
2389045
269808
1187035
826552
845777
2138853
1477883
2459452
2361340
90022
3480566
2934492
3630374
114338
915092
2260782
2211543
1047882
1414675
2333570
916023
2387226
357647
1179369
1554608
3126053
67141
2496714
3738796
1318804
2543857
1218595
11354
1423838
2815608
2297657
1080405
3205573
3214506
3185015
2553057
2449327
132912
2057300
1914831
3244057
1398956
2457133
449055
3036511
3422756
2440175
1270205
3307103
453995
137957
3558742
759103
1170178
2674719
2053359
419695
15357
3346947
3627790
3308824
204527
57257
1477403
108959
3394150
931022
2698465
2472529
1291334
337945
826611
2819469
3024523
3497905
115084
184832
912852
1944395
2385295
91660
133756
2455729
2728605
3437024
3222295
2047324
692886
2405006
1632313
2707938
2036867
1581786
111300
1429203
694839
249668
1139226
723589
152365
193948
2784955
2235832
870406
2069410
2493077
133347
2955044
3700885
1300981
3449329
1327086
3003315
133083
123445
497272
1602037
1487510
132929
3680810
978302
1460294
1541967
1754128
1427698
3599854
1051417
117651
2132932
207033
2680642
626343
582515
902924
1319727
2078066
113232
652971
1872772
2058825
3740711
2840304
3608767
2924108
473134
2012011
774394
1418286
2071821
614328
879260
3567365
367648
364069
2211995
2507702
1159795
2553642
180784
241282
52082
56860
2122297
163286
164399
451245
1460538
3318166
1251593
1887030
2717308
2868979
1755914
3097805
933388
3213498
1857107
1554599
2456446
395778
3563812
2385220
629327
2934599
3046824
3416587
703229
659573
2863542
3375142
1410835
418876
920566
3443358
2036550
3305779
2479265
3198384
3375644
2071839
875902
3254376
1252563
3543124
2492676
851874
2457142
2885339
2593142
1052675
1074644
3580721
1930847
869307
2745391
2992818
120516
957599
3643277
1393997
2509318
336206
96419
1071588
1048412
45171
1894241
2845380
133090
1830694
225738
2907199
2126218
630109
1678321
3142274
2929110
3747020
3316758
2783914
126446
158591
2874424
3110638
3496419
141956
623300
3383944
2863589
1122919
928569
1675509
1948608
2989760
2850089
195089
123253
133436
3053785
2282315
3754064
1350229
37248
1032154
2492493
3377668
1953113
2913187
2055212
2867423
983976
1462817
124180
1792101
3688585
988984
3703882
3675739
3633377
2845258
917493
2107826
2832513
1332217
2694522
2834458
137466
2159407
2856086
3245319
405302
2788321
897732
58003
2320070
559673
1596509
3553518
2440737
1105945
3475896
3482155
887162
3580555
2866708
457057
1096311
2132373
264663
262829
3149862
995242
3356735
564165
2776372
2100200
1073016
1045521
1818644
2300232
3239187
2847714
175499
741539
2952943
3003336
3612741
292565
1539834
3334321
424520
3418705
2331708
2852244
1464479
2211701
109416
2608073
156645
1191849
3304609
975702
108963
1340836
157032
1406157
2631139
1870554
56925
2069620
2457635
2175141
2843143
2722560
2543902
1176631
311548
3020661
2908710
1171445
728083
1020298
3694769
108975
2545345
2922532
3404710
239522
3744276
3343253
2414598
3269781
435032
1262509
133448
421148
3448935
2077812
116811
1180857
2063013
3206068
1611266
2797150
3030903
3592889
1786947
1813191
60226
2262557
259521
179580
104197
3330551
2944001
3574712
326203
1040874
280276
218200
905135
3595905
185332
3516896
1441172
2980388
315519
833913
2887863
2864425
3483941
128840
2927997
1072562
115761
1992909
2779359
330551
2089808
1857719
1530419
2887811
2886568
1185596
1334717
85455
1953405
2204110
3701635
3503911
2175087
3429127
638894
1337506
65215
980790
2897458
133447
435019
2034967
2112906
1193469
3698683
135225
1017190
162344
1740752
3555658
151746
2943625
338467
3293103
2890031
2117675
104286
3671659
2282462
320330
3675351
1000045
159443
2783400
810956
2212998
199672
950000
44801
2804502
1387145
1624735
11341
388689
61695
2920716
315562
3265267
3097835
1309719
3588213
2738481
915715
2499291
2889160
3714365
1821874
104206
2282615
337418
660719
2035248
159789
772584
1680033
334135
670753
1666896
500318
3123909
2927648
2848060
3201490
2623773
585448
976980
1873844
3247430
2024524
1540225
113243
1852702
851797
3454259
3485706
53644
719891
2035677
2229665
1428388
2889497
1142679
120924
2743346
2755985
85200
109417
2468608
2051511
705736
2930645
318409
3190411
3443404
3571081
2485593
1158390
341110
1421863
2057294
2924965
594165
3636010
953862
2059681
406207
3520030
2860517
1171431
2047010
2113381
788864
90298
733602
3571724
113223
3203443
25306
1479189
2458315
621338
3384758
2026574
402686
155955
3107605
2137617
3621820
1971836
3430822
1609359
21489
84558
109476
680287
2107702
172213
2586401
2541129
978185
1419722
2587933
1421683
2079886
1836951
1678555
3226215
1172666
2700213
713879
1842526
1628389
2202336
413219
69523
193486
2061759
773607
890950
251412
51365
3694564
3198379
536245
912159
1028496
2100952
2064243
2843226
2797305
167295
119320
3289081
260460
3042374
2832065
3740112
151721
581081
2816157
2235485
3487990
3420860
2138831
2043751
3127565
3559962
3665942
218908
876058
938947
115971
569836
133609
2830670
2529041
2838666
3552473
1755913
2858586
95242
963187
3099656
1494920
290695
135373
1586409
1559980
3634008
390172
3273624
3366616
44400
1691622
328883
3208881
3567367
3516666
1085832
352991
2047429
2226720
133606
619499
2078509
1310165
2052437
86002
2903966
337420
86949
3553621
2863595
1389391
3190498
217246
1475331
3589550
372224
3404830
581408
140324
3596998
3717121
2107324
98451
3734735
2078072
3490095
2866310
2381070
3588101
3636011
11344
118913
876128
3554863
3222
125835
2850573
3301016
2137009
114858
383190
1438319
69680
3621883
259528
3084700
63714
291619
1823329
3361655
3709393
556719
141439
11315
3571672
270179
3118408
293284
906463
3427797
1058201
2791128
3053707
617833
2131577
406940
906662
45166
2922555
2845259
3191040
291669
2685529
2858921
2704553
138241
133431
3617868
3704161
2831633
1937511
2610532
1417769
2867415
2806200
239361
552746
2059862
67409
1375335
3587612
258043
935931
496797
3493172
551549
2047495
2910482
3525063
1771667
225672
1190515
994697
2117681
2863798
1028593
1268118
2514318
2745361
2036097
3355311
3669806
1413043
3349514
2821134
1429046
774014
2774720
3586669
109468
2756435
121902
128286
3049116
2944475
42942
19375
1841007
2138934
1420138
264672
3142105
939492
1660116
1557698
2994440
985896
50303
3091784
2021873
1192707
3517753
3029984
